     Overall   F1R   F1S   F2R   F2S   F3R   F3S   F4R  ...   F19R   F19S   F20R   F20S   F21R   F21S   F22R   F22S
0          1    59    52    70    67    73    66    72  ...     62     56     72     62     74     74     64     67
1          1    72    62    69    67    78    82    74  ...     63     60     69     73     67     71     56     58
2          1    71    62    70    64    67    64    79  ...     66     65     64     55     61     41     51     46
3          1    69    71    70    78    61    63    67  ...     66     65     72     73     68     68     59     63
4          1    70    66    61    66    61    58    69  ...     70     66     70     64     60     55     49     41
..       ...   ...   ...   ...   ...   ...   ...   ...  ...    ...    ...    ...    ...    ...    ...    ...    ...
262        0    74    69    75    70    70    74    77  ...     63     61     71     68     66     65     54     57
263        0    72    61    64    66    64    59    68  ...     67     71     69     68     65     73     56     52
264        0    75    73    72    77    68    67    76  ...     72     71     79     75     77     75     67     71
265        0    59    62    72    74    66    66    74  ...     67     69     77     78     77     76     70     70
266        0    64    66    68    71    62    64    74  ...     68     65     75     72     62     64     57     54

[267 rows x 45 columns]