     Overall       F1R       F1S       F2R       F2S  ...      F20S      F21R      F21S      F22R      F22S
0        1.0  0.651163  0.569767  0.779070  0.744186  ...  0.686047  0.825581  0.825581  0.709302  0.744186
1        1.0  0.802326  0.686047  0.767442  0.744186  ...  0.813953  0.744186  0.790698  0.616279  0.639535
2        1.0  0.790698  0.686047  0.779070  0.709302  ...  0.604651  0.674419  0.441860  0.558140  0.500000
3        1.0  0.767442  0.790698  0.779070  0.872093  ...  0.813953  0.755814  0.755814  0.651163  0.697674
4        1.0  0.779070  0.732558  0.674419  0.732558  ...  0.709302  0.662791  0.604651  0.534884  0.441860
..       ...       ...       ...       ...       ...  ...       ...       ...       ...       ...       ...
262      0.0  0.825581  0.767442  0.837209  0.779070  ...  0.755814  0.732558  0.720930  0.593023  0.627907
263      0.0  0.802326  0.674419  0.709302  0.732558  ...  0.755814  0.720930  0.813953  0.616279  0.569767
264      0.0  0.837209  0.813953  0.802326  0.860465  ...  0.837209  0.860465  0.837209  0.744186  0.790698
265      0.0  0.651163  0.686047  0.802326  0.825581  ...  0.872093  0.860465  0.848837  0.779070  0.779070
266      0.0  0.709302  0.732558  0.755814  0.790698  ...  0.802326  0.686047  0.709302  0.627907  0.593023

[267 rows x 45 columns]