         F21S      F13S      F13R       F8R  ...      F15R      F11S   F2S       F5S
0    0.880000  0.783784  0.761194  0.796296  ...  0.818182  0.565217  0.66  0.535714
1    0.840000  0.851351  0.925373  0.870370  ...  0.878788  0.826087  0.66  0.732143
2    0.440000  0.418919  0.611940  0.703704  ...  0.893939  0.739130  0.60  0.839286
3    0.800000  0.729730  0.776119  0.777778  ...  0.863636  0.565217  0.88  0.660714
4    0.626667  0.418919  0.432836  0.740741  ...  0.681818  0.804348  0.64  0.821429
..        ...       ...       ...       ...  ...       ...       ...   ...       ...
262  0.760000  0.743243  0.805970  0.833333  ...  0.924242  0.739130  0.72  0.803571
263  0.866667  0.837838  0.850746  0.907407  ...  0.848485  0.891304  0.64  0.785714
264  0.893333  0.851351  0.820896  0.814815  ...  0.833333  0.739130  0.86  0.767857
265  0.906667  0.851351  0.791045  0.796296  ...  0.772727  0.695652  0.80  0.803571
266  0.746667  0.756757  0.731343  0.666667  ...  0.818182  0.891304  0.74  0.803571

[267 rows x 10 columns]